00
01
02
03
04
05
06
07
08
09
10
11
12
13
14
15
16
17
18
19
20
21
22
23
24
25
26
27
28
29
30
31
32
33
34
35
36
37
38
39
40
41
42
43
44
45
46
47
48
49
50
51
52
53
54
55
56
57
58
59
60
61
62
63
64
65
66
67
68
69
70
71
72
73
74
75
76
77
78
79
80
81
82
83
84
85
86
87
88
89
90
91
92
93
94
95
96
97
98
99                                                                
00
09
08
07
06
05
04
03
02
01
90
99
98
97
96
95
94
93
92
91
80
89
88
87
86
85
84
83
82
81
70
79
78
77
76
75
74
73
72
71
60
69
68
67
66
65
64
63
62
61
50
59
58
57
56
55
54
53
52
51
40
49
48
47
46
45
44
43
42
41
30
39
38
37
36
35
34
33
32
31
20
29
28
27
26
25
24
23
22
21
10
19
18
17
16
15
14
13
12
11
22
24
26
28
42
44
46
48
62
64
66
68
82
84
86
88
33
36
39
63
66
69
93
96
99
77
22
21
10
19
18
17
16
15
14
13
12
11
22
24
26
28
42
44
46
48
62
64
66
68
82
84
86
88
33
36
39
63
66
69
93
96
99
76
54
53
52
51
40
49
48
47
46
45
44
43
42
41
30
39
38
37
36
35
34
33
32
31
20
29
28
